1528423
1396811
1541018
1388907
1494163
1494652
1513469
1525858
1378222
1543786
1391610
1388903
1543787
1391162
1391609
1378214
1494168
1379326
1391168
1527961
1531281
1531282
1531283
1541048
1378217
1391166
1492254
1542378
1511575
1511573
1378215
1388599
1468761
1531254
1531256
1379328
1543164
1511569
1511570
1525857
1387986
1387994
1492250
1396526
1492255
1492259
1544310
1378220
1379327
1543788
1396527
1396529
1396533
1400257
1544226
1391614
1391615
1396813
1391171
1391170
1391175
1544227
1544849
1391172
1391178
1544563
1526453
1391174
1391176
1544526
1525867
1544854
1544858
1512610
1505080
1505081
1380370
1380371
1436206
1544651
1491444
1491445
1491448
1492696
1492698
1492697
